05423500
05424057
05425500
05425912
05426000
05426067
05426250
05426350
05426380
05427085
05427235
05427530
05427718
05427850
05427880
05427910
05427927
05427930
05427943
054279465
05427948
05427965
05428000
05428500
05429000
05429485
05429500
05429700
05430150
05430175
05430500
05431016
05431486
05432500
05432695
05432927
05433000
05434500
05435943
05435950
05436500
05438283
423954089071501
424008089050201
425715089164700
430356089183502
430532089315601
430532089315602
430649089181200
430649089181211
430649089181212
430649089181221
430649089181222
430649089181231
430649089181232
05356000
05356500
05357206
05357215
05357225
05357230
05357245
05357335
05360500
05362000
05365500
05365550
05366800
053674967
05367500
05368000
05369000
05369500
05370000