05587450
05587498
07010000
07020500
07020850
07022000
07024175
05490600
05494300
05495000
05496000
05497150
05498150
05498700
05500000
05501000
05502000
05502300
05502500
05503100
05503800
05504800
05506100
05506350
05506800
05507600
05507800
05508000
05508805
05514500
05514840
05514860
07001910
07001985
07005000
07010022
07010030
07010035
07010038
07010040
07010055
07010061
07010070
07010075
07010082
07010086
07010088
07010090
07010094
07010097
07010180
07010208
07019072
07019090
07019120
07019150
07019175
07019185
07019195
07019220
07019317
07010350
07013000
07014000
07014500
07015720
07016500
07017020
07017200
07017260
07017610
07018100
07018500
07019000
07019130
07019210
07020550
07021000
07021020
07063000
07064440
07064533
07065200
07065495
07066000
07066510
07067000
07067500
07068000